<svg xmlns="http://www.w3.org/2000/svg" viewBox="0 0 46.35 45.5">
  <g>
    <path d="M34.09,33a7.42,7.42,0,0,0-6.34,2.38,1,1,0,1,0,1.44,1.38A5.44,5.44,0,0,1,33.74,35a5.44,5.44,0,0,1,3.66,3.24,1,1,0,0,0,.92.6,1,1,0,0,0,.4-.09,1,1,0,0,0,.51-1.32A7.4,7.4,0,0,0,34.09,33Z" transform="translate(-1.82 -2.3)"/>
    <path d="M40.29,28.31a2.47,2.47,0,0,1-1.4.47,2.5,2.5,0,0,1-1.15-.93A1,1,0,1,0,36.11,29a4.31,4.31,0,0,0,2.44,1.75,3.42,3.42,0,0,0,.45,0,4.72,4.72,0,0,0,2.44-.85,1,1,0,0,0-1.15-1.63Z" transform="translate(-1.82 -2.3)"/>
    <path d="M30.67,29.36a2.32,2.32,0,0,0,.46,0,4.83,4.83,0,0,0,2.43-.84,1,1,0,0,0,.25-1.39,1,1,0,0,0-1.39-.25,2.48,2.48,0,0,1-1.4.47,2.52,2.52,0,0,1-1.16-.92,1,1,0,1,0-1.63,1.14A4.31,4.31,0,0,0,30.67,29.36Z" transform="translate(-1.82 -2.3)"/>
    <path d="M21.41,17.21a1,1,0,0,0-1.31.51A5.48,5.48,0,0,1,16.44,21a5.43,5.43,0,0,1-4.55-1.79,1,1,0,0,0-1.42,0,1,1,0,0,0,0,1.41A7.6,7.6,0,0,0,16,23a4.46,4.46,0,0,0,.81-.06,7.46,7.46,0,0,0,5.15-4.4A1,1,0,0,0,21.41,17.21Z" transform="translate(-1.82 -2.3)"/>
    <path d="M18.81,11.4a4.39,4.39,0,0,0-2.44,1.75,1,1,0,0,0,.24,1.39,1,1,0,0,0,.58.18A1,1,0,0,0,18,14.3a2.54,2.54,0,0,1,1.16-.93,2.46,2.46,0,0,1,1.39.48A1,1,0,0,0,22,13.6a1,1,0,0,0-.25-1.39A4.37,4.37,0,0,0,18.81,11.4Z" transform="translate(-1.82 -2.3)"/>
    <path d="M11.28,14.76a2.66,2.66,0,0,1,1.4.47,1,1,0,1,0,1.14-1.63,4.34,4.34,0,0,0-2.89-.81,4.39,4.39,0,0,0-2.44,1.75,1,1,0,0,0,.24,1.39,1,1,0,0,0,.58.18,1,1,0,0,0,.82-.42A2.4,2.4,0,0,1,11.28,14.76Z" transform="translate(-1.82 -2.3)"/>
    <path d="M47.87,21.4a1,1,0,0,0-.9-.26,32.46,32.46,0,0,1-10.8.05,32.42,32.42,0,0,1-8.73-3A13.56,13.56,0,0,0,27.38,14L25.47,3.12a1,1,0,0,0-.57-.74,1,1,0,0,0-.94.06A32,32,0,0,1,13.83,6.19,32.15,32.15,0,0,1,3,6.14,1,1,0,0,0,1.84,7.29L3.75,18.12C5.45,27.76,17.47,32.53,18,32.73a1.13,1.13,0,0,0,.36.06,1,1,0,0,0,.66-.24,30.61,30.61,0,0,0,3.69-4l-.07.42c-1.7,9.64,8,18.24,8.38,18.6a1,1,0,0,0,.66.24,1.13,1.13,0,0,0,.36-.06c.51-.2,12.53-5,14.23-14.61l1.91-10.83A1,1,0,0,0,47.87,21.4ZM18.14,30.62C15.8,29.57,7,25.19,5.72,17.77L4.05,8.33a34.4,34.4,0,0,0,10.13-.17,34.33,34.33,0,0,0,9.57-3.31l1.66,9.45C26.72,21.71,20,28.84,18.14,30.62Zm26.14,2.15C43,40.19,34.2,44.57,31.86,45.62,30,43.84,23.28,36.71,24.59,29.3l.9-5.14A20.52,20.52,0,0,0,27,20.25a34.23,34.23,0,0,0,8.79,2.91A34.4,34.4,0,0,0,46,23.33Z" transform="translate(-1.82 -2.3)"/>
  </g>
</svg>
